$ 1 0.000005 10.20027730826997 50 5 50
M 816 272 816 224 2 2.5
M 784 272 784 224 2 2.5
155 256 208 288 208 0 0
155 464 208 480 208 0 0
R 192 352 144 352 1 2 100 2.5 2.5 0 0.5
w 192 352 192 240 0
w 192 240 256 240 0
w 192 352 432 352 0
w 432 352 432 240 0
w 432 240 464 240 0
154 640 64 496 64 0 2 0 5
w 560 272 592 272 0
w 592 272 592 160 0
w 592 160 464 160 0
w 464 160 464 208 0
w 560 208 688 208 0
w 688 208 688 48 0
w 688 48 640 48 0
w 352 208 400 208 0
w 400 208 400 128 0
w 400 128 640 128 0
w 640 128 640 80 0
w 496 64 432 64 0
w 432 64 432 112 0
w 432 112 256 112 0
w 256 112 256 208 0
w 688 208 688 272 0
w 688 272 816 272 0
w 400 208 400 320 0
w 400 320 784 320 0
w 784 320 784 272 0
o 1 64 0 4098 5 0.1 0 1
o 0 64 0 4098 5 0.1 0 1
o 6 64 0 4099 5 0.00009765625 0 2 6 3
