$ 1 0.000005 10.20027730826997 50 5 50
155 256 224 304 224 0 5
155 432 224 448 224 0 5
R 192 256 144 256 1 2 100 2.5 2.5 0 0.5
w 192 256 256 256 0
w 352 288 384 288 0
w 384 144 384 288 0
M 432 96 432 64 2 2.5
w 384 144 256 144 0
w 256 144 256 224 0
w 352 224 352 256 0
w 352 256 432 256 0
M 384 96 384 64 2 2.5
w 432 144 560 144 0
w 560 144 560 288 0
w 560 288 528 288 0
w 432 224 432 144 0
w 384 144 384 128 0
w 384 128 432 128 0
w 432 128 432 96 0
w 432 144 400 144 0
w 400 144 400 112 0
w 400 112 384 112 0
w 384 112 384 96 0
o 6 64 0 4098 5 0.1 0 1
o 11 64 0 4098 5 0.1 0 1
